12 836 207
3 1121 1782
4 519 835
2 1146 1374
6 1928 1908
15 1989 1397
17 1922 1466
13 541 3
18 1017 48
5 367 1041
2 137 815
2 1593 1705
14 1075 1384
18 1269 1332
8 1771 1686
10 1061 989
14 1812 1569
20 289 1051
14 439 1459
2 1071 1201
16 1844 292
3 228 1617
16 1882 1753
6 1355 912
4 1347 1312
18 1864 472
12 1994 1721
18 1717 778
9 1595 1525
15 1946 681
7 872 1801
12 113 19
4 165 1211
2 1425 581
13 1141 397
8 1395 1149
2 885 1876
2 49 1794
9 1607 660
19 822 602
11 974 1652
15 51 1187
11 1931 1984
10 1020 408
11 1061 1091
9 1075 399
19 1372 1415
15 1325 1155
12 36 1308
7 137 1209
27 2766 2661
36 3472 3527
40 2585 3957
30 3339 2670
27 3656 2462
34 2414 3389
26 2290 2554
28 2510 3218
30 3295 2172
38 3052 2850
37 3717 3116
27 3284 2187
21 2824 2658
28 3723 3658
27 2174 3886
29 3758 3100
24 2679 2086
25 2497 3133
40 2207 3527
29 2547 2730
22 3653 3231
40 2851 3032
39 2498 2821
22 3774 2574
25 3360 3173
20 3615 2790
29 3541 3526
23 2900 3967
25 3437 2618
40 3826 3869
24 2973 2794
37 2965 2332
34 3364 3103
22 3463 2468
25 2628 2243
30 2587 2652
40 3360 3530
37 2385 3906
21 2693 3803
23 2307 3204
32 2265 2397
39 2312 3628
31 3110 2324
24 3847 3917
40 3935 3599
27 2984 3058
23 3901 2467
36 3304 3722
36 2498 3740
39 3405 2913
46 5295 5263
54 4829 4119
46 5938 4402
51 5978 5114
60 4378 5502
50 4976 5318
42 5755 4265
52 5531 5945
47 5449 4906
46 5058 4888
43 4376 5123
56 5121 4471
46 5700 4682
46 5212 5801
49 5828 4193
50 4089 5051
44 5009 4849
40 4154 5075
52 5601 4686
56 4080 4855
51 5975 4519
48 5817 4205
55 4919 4812
45 4020 5257
43 5233 4755
45 4763 4632
41 4979 4877
41 4720 5323
50 4789 5981
59 4737 4933
60 5315 4520
40 4727 5735
47 5922 4320
53 4777 4628
40 4484 5049
49 5934 5618
41 5638 4849
56 5231 4447
48 4996 5625
42 4053 4991
55 5753 4194
58 5599 5023
52 5743 4996
48 4830 4856
41 5959 4062
44 4680 5402
43 5046 5296
46 5533 5308
54 4556 4837
41 4196 5870
67 6900 7085
69 6464 7568
65 6900 7706
67 6704 7108
76 6004 7525
69 7805 6546
68 6912 7477
61 7439 6178
63 6707 6173
78 7060 7349
64 7203 7805
63 6735 6387
67 7179 7266
80 7771 6020
60 6013 6278
74 6588 6714
64 7006 6831
80 7370 7133
70 7019 7434
61 7726 7867
74 7635 7799
66 6779 7884
60 7128 7846
79 6866 7734
64 6402 6815
63 7471 6231
65 6595 6667
71 6519 6557
63 7752 7723
62 7035 7762
76 6991 7309
79 6758 7714
78 6041 7654
78 6410 6331
69 6364 6033
63 6734 6542
63 6226 6279
61 7289 6721
68 7460 6565
79 6192 7821
74 7775 7892
73 6235 6789
77 6434 6076
72 7987 6068
62 7660 6741
64 6979 6350
78 6607 6898
60 7222 6716
62 6691 6617
75 7898 6246
93 8173 9142
90 8972 9167
88 8829 8658
100 8593 8033
95 9068 8645
81 9725 9467
80 8112 8212
82 8272 9748
92 8903 9930
96 8645 9020
95 9541 9198
89 8429 9329
97 8284 8837
94 8474 8127
100 8008 8845
90 9747 8599
83 9118 9974
83 8032 8234
97 9849 8364
97 8632 9158
88 8895 8969
94 9342 9337
97 9028 9174
82 9105 8485
89 8735 8662
82 9385 8965
80 9557 9737
86 8360 9604
85 8742 9944
90 8181 9064
93 8141 8033
95 9091 8091
98 9442 8909
83 8012 8064
96 9839 8307
92 9561 9019
98 8988 9086
96 8259 8135
100 9925 8390
92 9900 8950
98 9653 8043
92 8526 8057
97 9642 9515
100 9898 8566
82 9190 9790
99 9701 8313
89 8818 9456
93 8529 8032
99 9878 9953
81 9107 9658
